Age (kyr BP)	SGS (<16μm)
0.495	70.906
0.580	55.317
0.665	47.567
0.755	48.966
0.851	49.610
0.946	47.811
1.041	47.701
1.319	52.737
1.631	56.523
2.252	53.115
2.547	59.822
3.137	51.634
3.404	51.498
3.647	50.504
3.890	50.641
4.133	50.527
4.395	54.381
4.659	56.190
4.923	48.171
5.199	50.977
5.510	49.508
5.821	52.092
6.132	55.890
6.312	56.191
6.407	64.763
6.597	69.347
6.681	72.760
6.763	73.802
6.846	74.961
6.928	75.506
7.008	73.953
7.088	73.593
7.169	73.779
7.244	72.553
7.316	73.013
7.388	74.665
7.460	70.901
7.540	71.820
7.620	70.178
7.700	69.122
7.784	70.156
7.876	74.703
7.967	72.891
8.059	72.739
8.170	70.111
8.289	71.467
8.407	72.338
8.531	73.783
8.710	74.668
8.890	76.148
9.069	72.992
9.240	75.381
9.400	73.513
9.559	74.898
9.718	83.873
9.883	83.750
10.048	83.313
10.214	79.362
0.000	78.674
10.447	78.704
10.596	76.398
10.744	75.845
0.000	74.217
11.041	75.871
11.188	74.872
11.335	74.503
11.483	71.495
11.629	69.266
11.775	68.007
11.921	72.213
12.067	71.894
12.367	76.066
12.519	75.352
12.670	76.803
12.805	75.632
12.928	76.965
13.052	77.913
13.175	76.497
13.261	80.160
13.322	77.072
13.384	75.103
13.445	73.786
13.507	71.142
13.570	70.407
13.633	72.492
13.697	71.002
13.759	62.182
13.820	70.172
13.881	68.282
13.943	67.721
14.003	66.950
14.063	68.776
14.123	67.693
14.183	74.524
14.242	73.787
14.302	67.937
14.362	82.782
14.421	82.509
14.484	79.842
14.549	87.085
14.614	82.749
14.678	89.690
14.741	88.244
14.803	77.836
14.864	86.446
14.926	88.690
14.987	87.764
15.048	80.402
15.108	72.404
15.169	69.378
15.262	58.295
15.376	49.947
15.491	53.665
15.605	48.620
15.760	46.094
15.941	49.232
16.122	46.044
16.492	52.453
16.685	58.211
17.071	62.672
17.264	56.114
17.457	57.682
17.650	61.591
17.843	63.826
18.058	64.970
18.273	64.271
18.487	65.458
18.699	60.734
18.892	65.008
19.084	67.086
19.276	42.516
19.442	48.124
19.587	56.997
19.876	53.712
20.015	59.817
20.154	57.662
20.293	78.526
20.430	77.785
20.565	76.900
20.701	75.986
20.836	77.333
20.973	79.921
21.111	75.418
21.249	78.901
21.387	77.039
21.524	78.050
21.662	77.718
21.799	81.007
22.062	76.920
22.365	82.603
22.668	80.630
22.942	81.413
23.096	80.348
23.251	79.782
23.405	79.354
23.563	80.364
23.722	83.626
23.881	84.192
24.041	82.912
24.200	81.209
24.359	80.347
24.681	79.754
24.845	84.952
25.009	81.346
25.174	80.109
25.327	80.223
25.481	74.080
25.634	71.916
25.789	72.764
25.945	74.620
26.101	75.972
26.258	74.061
26.574	76.534
26.733	79.619
26.891	86.927
27.051	73.449
27.210	63.366
27.369	62.375
27.528	59.929
27.687	73.937
27.847	80.088
28.076	85.131
28.183	84.605
28.290	86.056
28.397	83.478
28.500	85.423
28.531	83.296
28.589	66.733
28.624	60.709
28.716	57.158
28.809	57.374
28.901	56.591
28.997	63.881
29.093	75.777
29.284	72.678
29.381	70.208
29.477	67.629
29.574	63.046
29.671	68.655
29.768	66.393
29.867	64.297
29.965	56.784
30.064	57.515
30.163	62.160
30.259	65.043
30.352	57.755
30.445	66.626
30.538	61.458
30.631	60.240
30.716	69.828
30.798	73.238
30.879	74.114
30.961	74.043
31.039	72.449
31.100	74.443
31.161	75.834
31.222	76.795
31.283	79.674
31.343	77.220
31.404	63.712
31.464	64.381
31.524	62.634
31.585	74.326
31.643	77.001
31.702	74.549
31.761	71.500
31.820	73.678
31.879	75.244
31.939	78.019
31.998	68.173
32.058	61.060
32.117	61.349
32.233	76.235
32.292	73.935
32.350	71.161
32.408	77.067
32.466	75.239
32.524	73.675
32.582	73.802
32.641	77.093
32.699	80.342
32.757	78.573
32.815	80.927
32.874	80.012
32.932	81.841
32.991	83.198
33.050	84.994
33.110	84.945
33.110	80.059
33.231	84.740
33.294	82.733
33.357	83.916
33.420	81.689
33.484	80.830
33.557	87.351
33.629	89.407
33.701	83.368
33.809	84.069
33.882	82.561
33.954	80.439
34.026	70.749
34.098	82.309
34.180	83.066
34.261	84.892
34.342	81.170
34.424	80.000
34.505	79.703
34.586	77.016
34.668	79.739
34.830	84.133
34.910	89.601
34.991	91.494
35.072	87.277
35.151	84.481
35.231	82.471
35.310	81.582
35.389	79.595
35.472	80.810
35.561	80.857
35.649	82.056
35.737	82.049
35.844	79.514
35.973	79.220
36.102	85.062
36.230	85.511
36.357	81.599
36.480	80.704
36.603	83.262
36.726	84.253
36.851	84.949
36.979	84.153
37.234	85.384
37.361	84.848
37.485	83.607
37.609	85.752
37.733	78.044
37.858	79.384
37.986	84.306
38.113	90.896
38.240	84.957
38.378	83.584
38.539	75.906
38.701	77.277
38.863	79.029
39.041	77.661
39.264	76.861
39.488	80.303
39.711	84.798
39.932	86.722
40.145	85.258
40.572	89.435
40.773	86.242
40.927	84.983
41.081	88.010
41.235	87.643
41.389	89.320
41.540	64.255
41.691	74.985
41.842	90.100
41.995	86.882
42.153	89.651
42.312	91.957
42.550	90.711
42.708	89.727
42.866	89.094
43.023	89.371
43.181	89.994
43.306	79.960
43.431	80.568
43.555	82.813
43.679	77.370
43.803	85.269
43.920	85.623
44.029	87.369
44.138	86.752
44.247	85.988
44.356	86.531
44.465	86.475
44.576	82.668
44.686	81.549
44.796	81.956
44.906	81.283
45.014	79.179
45.120	81.190
45.226	68.023
45.331	71.836
45.437	77.174
45.544	81.117
45.652	82.357
45.760	84.195
45.869	83.877
45.977	84.676
46.086	83.135
46.195	83.630
46.304	82.820
46.412	83.630
46.521	83.551
46.630	84.734
46.739	83.548
46.847	NaN
46.956	83.605
47.064	83.474
47.172	81.288
47.279	81.308
47.386	81.013
47.493	84.461
47.601	85.042
47.708	84.933
47.816	85.855
47.923	87.076
48.031	85.412
48.139	87.777
48.246	86.157
48.352	90.715
48.458	90.874
48.564	91.557
48.669	90.148
48.774	89.738
48.877	89.873
48.980	89.896
49.084	88.807
49.187	89.324
49.289	89.590
49.391	89.145
49.493	88.566
49.594	88.155
49.696	90.996
49.797	91.752
49.898	91.418
49.999	91.156
50.100	92.243
50.202	89.580
50.303	88.828
50.404	91.718
50.505	92.265
50.606	91.547
50.708	90.811
50.808	90.942
50.908	91.115
51.008	89.319
51.108	89.187
51.208	87.832
51.309	84.671
51.413	83.785
51.516	84.589
51.619	84.616
51.722	85.339
51.823	85.298
51.923	84.470
52.023	84.531
52.123	85.462
52.322	82.073
52.422	79.481
52.521	81.447
52.620	83.981
52.719	82.445
52.820	83.458
52.923	82.490
53.025	84.733
53.128	83.667
53.230	86.036
53.333	80.775
53.437	81.267
53.541	NaN
53.645	87.529
53.748	89.727
53.866	94.137
53.997	93.117
54.128	91.224
54.259	90.103
54.391	91.923
54.523	94.255
54.656	94.755
54.789	92.330
54.923	93.907
55.056	91.295
55.188	91.904
55.318	89.938
55.448	91.510
55.578	89.778
55.709	91.353
55.838	90.214
55.967	90.320
56.097	90.257
56.226	91.762
56.355	91.138
56.483	91.384
56.609	91.195
56.735	92.304
56.861	91.509
56.987	91.409
57.114	89.604
57.242	90.404
57.369	91.348
57.496	91.371
57.624	91.258
57.755	92.370
57.889	92.531
58.024	92.152
58.158	92.414
58.293	91.137
58.425	87.776
58.554	79.416
58.683	76.538
58.812	76.581
58.941	66.547
59.070	52.008
59.198	50.892
59.326	48.311
59.454	72.757
59.582	84.493
59.710	86.221
59.839	87.056
59.969	88.350
60.098	87.813
60.227	89.024
60.356	88.826
60.484	89.213
60.613	87.618
60.741	85.940
60.870	85.270
61.000	84.746
61.133	84.897
61.265	85.463
61.397	81.928
61.530	80.748
61.662	81.423
61.793	78.987
61.925	80.719
62.188	78.031
62.319	79.481
62.451	77.364
62.583	76.198
62.715	79.422
62.979	76.747
63.107	82.167
63.236	90.595
63.364	89.893
63.492	80.882
63.604	77.037
63.705	77.564
63.807	76.031
63.909	76.050
64.011	71.674
64.113	71.082
64.215	68.616
64.317	69.445
64.418	72.747
64.520	70.941
64.619	70.305
64.717	76.734
64.815	75.669
64.914	81.211
65.012	81.011
65.115	77.614
65.217	75.995
65.319	76.342
65.422	77.796
65.524	78.220
65.626	77.051
65.728	78.656
65.983	82.251
66.084	82.913
66.185	81.961
66.286	80.834
66.387	79.933
66.488	81.863
66.586	79.865
66.684	82.436
66.782	81.378
66.880	79.135
66.978	81.941
67.077	83.011
67.176	83.085
67.275	75.573
67.374	78.248
67.473	83.681
67.575	85.344
67.677	79.579
67.779	81.435
67.880	83.877
67.981	83.361
68.081	87.971
68.180	86.865
68.280	87.136
68.379	85.826
68.478	86.935
68.578	81.651
68.677	83.695
68.776	83.844
68.876	81.285
68.977	83.404
69.079	82.194
69.182	85.036
69.284	88.152
69.387	82.412
69.488	73.699
69.590	70.055
69.691	52.727
69.793	52.175
69.894	54.883
69.994	64.424
70.093	73.250
70.193	71.605
70.292	77.159
70.392	78.908
70.492	75.549
70.592	77.995
70.692	79.947
70.793	76.635
70.939	74.464
71.035	71.729
71.131	72.336
71.226	77.196
71.370	71.427
71.465	71.985
71.561	71.815
71.656	72.111
71.768	79.497
71.879	74.706
71.991	74.755
72.102	71.768
72.213	73.514
72.324	77.371
72.435	78.467
72.546	81.210
72.656	84.296
72.767	84.305
72.876	85.779
72.985	86.098
73.095	82.286
73.204	85.505
73.315	85.925
73.482	88.147
73.593	87.179
73.704	84.235
73.816	82.454
73.928	82.182
74.040	81.335
74.152	83.572
74.264	83.629
74.377	86.309
74.489	86.306
74.601	87.055
74.711	86.671
74.822	86.351
74.932	85.829
75.042	85.876
75.151	85.934
75.261	86.650
75.370	85.383
75.479	85.248
75.588	83.945
75.696	80.183
75.804	81.559
75.913	79.717
76.023	75.914
76.133	77.544
76.244	82.701
76.355	86.305
76.465	84.039
76.576	79.856
76.686	84.681
76.797	88.268
76.907	81.136
77.018	76.731
77.129	73.863
77.240	79.531
77.351	80.550
77.460	80.631
77.569	79.869
77.679	78.078
77.788	75.498
77.898	76.380
78.008	75.697
78.119	70.784
78.229	71.205
78.338	72.317
78.447	71.029
78.556	68.512
78.665	73.537
78.774	77.260
78.885	76.872
78.995	74.499
79.105	71.424
79.214	66.313
79.321	56.886
79.428	55.771
79.481	59.434
79.589	79.322
79.698	69.464
79.807	58.407
80.026	54.876
80.135	51.606
80.242	52.526
80.350	57.493
80.458	54.398
80.567	52.873
80.679	55.249
80.790	54.083
80.902	47.623
81.013	59.203
81.124	71.007
81.244	72.517
81.364	56.972
81.485	62.518
81.608	50.904
81.731	46.428
81.854	46.874
81.982	48.943
82.114	50.302
82.246	50.170
82.509	48.846
82.640	49.057
82.770	44.979
82.900	40.534
83.032	42.360
83.165	53.424
83.298	49.202
83.565	78.663
83.699	73.464